"","global_level","date","cases","new_cases","deaths","new_deaths","days_since_death10","days_since_case100","pop","per100k","newper100k","deathsper100k","newdeathsper100k"
"1","Global",2020-01-22,555,555,17,17,0,0,7.6e+09,0,0,0,0
"2","Global",2020-01-23,654,99,18,1,1,1,7.6e+09,0,0,0,0
"3","Global",2020-01-24,941,287,26,8,2,2,7.6e+09,0,0,0,0
"4","Global",2020-01-25,1434,493,42,16,3,3,7.6e+09,0,0,0,0
"5","Global",2020-01-26,2118,684,56,14,4,4,7.6e+09,0,0,0,0
"6","Global",2020-01-27,2927,809,82,26,5,5,7.6e+09,0,0,0,0
"7","Global",2020-01-28,5578,2651,131,49,6,6,7.6e+09,0.1,0,0,0
"8","Global",2020-01-29,6166,588,133,2,7,7,7.6e+09,0.1,0,0,0
"9","Global",2020-01-30,8234,2068,171,38,8,8,7.6e+09,0.1,0,0,0
"10","Global",2020-01-31,9927,1693,213,42,9,9,7.6e+09,0.1,0,0,0
"11","Global",2020-02-01,12038,2111,259,46,10,10,7.6e+09,0.2,0,0,0
"12","Global",2020-02-02,16787,4749,362,103,11,11,7.6e+09,0.2,0.1,0,0
"13","Global",2020-02-03,19887,3100,426,64,12,12,7.6e+09,0.3,0,0,0
"14","Global",2020-02-04,23898,4011,492,66,13,13,7.6e+09,0.3,0.1,0,0
"15","Global",2020-02-05,27643,3745,564,72,14,14,7.6e+09,0.4,0,0,0
"16","Global",2020-02-06,30802,3159,634,70,15,15,7.6e+09,0.4,0,0,0
"17","Global",2020-02-07,34395,3593,719,85,16,16,7.6e+09,0.5,0,0,0
"18","Global",2020-02-08,37129,2734,806,87,17,17,7.6e+09,0.5,0,0,0
"19","Global",2020-02-09,40159,3030,906,100,18,18,7.6e+09,0.5,0,0,0
"20","Global",2020-02-10,42768,2609,1013,107,19,19,7.6e+09,0.6,0,0,0
"21","Global",2020-02-11,44810,2042,1113,100,20,20,7.6e+09,0.6,0,0,0
"22","Global",2020-02-12,45228,418,1118,5,21,21,7.6e+09,0.6,0,0,0
"23","Global",2020-02-13,60381,15153,1371,253,22,22,7.6e+09,0.8,0.2,0,0
"24","Global",2020-02-14,66908,6527,1523,152,23,23,7.6e+09,0.9,0.1,0,0
"25","Global",2020-02-15,69050,2142,1666,143,24,24,7.6e+09,0.9,0,0,0
"26","Global",2020-02-16,71234,2184,1770,104,25,25,7.6e+09,0.9,0,0,0
"27","Global",2020-02-17,73269,2035,1868,98,26,26,7.6e+09,1,0,0,0
"28","Global",2020-02-18,75151,1882,2008,140,27,27,7.6e+09,1,0,0,0
"29","Global",2020-02-19,75651,500,2123,115,28,28,7.6e+09,1,0,0,0
"30","Global",2020-02-20,76211,560,2248,125,29,29,7.6e+09,1,0,0,0
"31","Global",2020-02-21,76840,629,2252,4,30,30,7.6e+09,1,0,0,0
"32","Global",2020-02-22,78601,1761,2459,207,31,31,7.6e+09,1,0,0,0
"33","Global",2020-02-23,78981,380,2470,11,32,32,7.6e+09,1,0,0,0
"34","Global",2020-02-24,79545,564,2630,160,33,33,7.6e+09,1,0,0,0
"35","Global",2020-02-25,80398,853,2710,80,34,34,7.6e+09,1.1,0,0,0
"36","Global",2020-02-26,81375,977,2771,61,35,35,7.6e+09,1.1,0,0,0
"37","Global",2020-02-27,82739,1364,2814,43,36,36,7.6e+09,1.1,0,0,0
"38","Global",2020-02-28,84116,1377,2873,59,37,37,7.6e+09,1.1,0,0,0
"39","Global",2020-02-29,86011,1895,2942,69,38,38,7.6e+09,1.1,0,0,0
"40","Global",2020-03-01,88395,2384,2996,54,39,39,7.6e+09,1.2,0,0,0
"41","Global",2020-03-02,90369,1974,3085,89,40,40,7.6e+09,1.2,0,0,0
"42","Global",2020-03-03,92947,2578,3160,75,41,41,7.6e+09,1.2,0,0,0
"43","Global",2020-03-04,95246,2299,3255,95,42,42,7.6e+09,1.3,0,0,0
"44","Global",2020-03-05,98037,2791,3348,93,43,43,7.6e+09,1.3,0,0,0
"45","Global",2020-03-06,101980,3943,3460,112,44,44,7.6e+09,1.3,0.1,0,0
"46","Global",2020-03-07,106018,4038,3559,99,45,45,7.6e+09,1.4,0.1,0,0
"47","Global",2020-03-08,109972,3954,3803,244,46,46,7.6e+09,1.4,0.1,0.1,0
"48","Global",2020-03-09,113872,3900,3987,184,47,47,7.6e+09,1.5,0.1,0.1,0
"49","Global",2020-03-10,118896,5024,4266,279,48,48,7.6e+09,1.6,0.1,0.1,0
"50","Global",2020-03-11,126559,7663,4611,345,49,49,7.6e+09,1.7,0.1,0.1,0
"51","Global",2020-03-12,132309,5750,4916,305,50,50,7.6e+09,1.7,0.1,0.1,0
"52","Global",2020-03-13,146716,14407,5413,497,51,51,7.6e+09,1.9,0.2,0.1,0
"53","Global",2020-03-14,157824,11108,5830,417,52,52,7.6e+09,2.1,0.1,0.1,0
"54","Global",2020-03-15,168973,11149,6471,641,53,53,7.6e+09,2.2,0.1,0.1,0
"55","Global",2020-03-16,183640,14667,7151,685,54,54,7.6e+09,2.4,0.2,0.1,0
"56","Global",2020-03-17,199487,15847,7955,804,55,55,7.6e+09,2.6,0.2,0.1,0
"57","Global",2020-03-18,219083,19596,8852,897,56,56,7.6e+09,2.9,0.3,0.1,0
"58","Global",2020-03-19,247002,27919,9958,1108,57,57,7.6e+09,3.3,0.4,0.1,0
"59","Global",2020-03-20,276612,29610,11436,1479,58,58,7.6e+09,3.6,0.4,0.2,0
"60","Global",2020-03-21,308921,32309,13142,1710,59,59,7.6e+09,4.1,0.4,0.2,0
"61","Global",2020-03-22,342341,33420,14840,1699,60,60,7.6e+09,4.5,0.4,0.2,0
"62","Global",2020-03-23,384508,42167,16758,1918,61,61,7.6e+09,5.1,0.6,0.2,0
"63","Global",2020-03-24,425675,41182,19028,2270,62,62,7.6e+09,5.6,0.5,0.3,0
"64","Global",2020-03-25,476494,50819,21805,2777,63,63,7.6e+09,6.3,0.7,0.3,0
"65","Global",2020-03-26,539391,62897,24811,3009,64,64,7.6e+09,7.1,0.8,0.3,0
"66","Global",2020-03-27,603791,64400,28329,3518,65,65,7.6e+09,7.9,0.8,0.4,0
"67","Global",2020-03-28,671447,67656,32008,3679,66,66,7.6e+09,8.8,0.9,0.4,0
"68","Global",2020-03-29,731024,59577,35481,3473,67,67,7.6e+09,9.6,0.8,0.5,0
"69","Global",2020-03-30,795666,64642,39645,4164,68,68,7.6e+09,10.5,0.9,0.5,0.1
"70","Global",2020-03-31,872076,76410,44489,4844,69,69,7.6e+09,11.5,1,0.6,0.1
"71","Global",2020-04-01,948290,76214,50043,5554,70,70,7.6e+09,12.5,1,0.7,0.1
"72","Global",2020-04-02,1029704,81414,56348,6305,71,71,7.6e+09,13.5,1.1,0.7,0.1
"73","Global",2020-04-03,1112859,83155,62333,5985,72,72,7.6e+09,14.6,1.1,0.8,0.1
"74","Global",2020-04-04,1193322,80463,68174,5842,73,73,7.6e+09,15.7,1.1,0.9,0.1
"75","Global",2020-04-05,1265035,71713,73195,5023,74,74,7.6e+09,16.6,0.9,1,0.1
"76","Global",2020-04-06,1337712,72677,79027,5833,75,75,7.6e+09,17.6,1,1,0.1
"77","Global",2020-04-07,1414580,76868,86928,7901,76,76,7.6e+09,18.6,1,1.1,0.1
"78","Global",2020-04-08,1498360,83780,93664,6736,77,77,7.6e+09,19.7,1.1,1.2,0.1
"79","Global",2020-04-09,1585025,86665,101294,7630,78,78,7.6e+09,20.9,1.1,1.3,0.1
"80","Global",2020-04-10,1672620,87595,108565,7271,79,79,7.6e+09,22,1.2,1.4,0.1
"81","Global",2020-04-11,1749575,76955,114634,6100,80,80,7.6e+09,23,1,1.5,0.1
"82","Global",2020-04-12,1846390,96836,120365,5731,81,81,7.6e+09,24.3,1.3,1.6,0.1
"83","Global",2020-04-13,1916063,69673,126112,5747,82,82,7.6e+09,25.2,0.9,1.7,0.1
"84","Global",2020-04-14,1985901,69838,133011,6901,83,83,7.6e+09,26.1,0.9,1.8,0.1
"85","Global",2020-04-15,2066740,80839,141323,8312,84,84,7.6e+09,27.2,1.1,1.9,0.1
"86","Global",2020-04-16,2163426,96686,148604,7281,85,85,7.6e+09,28.5,1.3,2,0.1
"87","Global",2020-04-17,2251145,87719,157496,8892,86,86,7.6e+09,29.6,1.2,2.1,0.1
"88","Global",2020-04-18,2325103,73959,163968,6472,87,87,7.6e+09,30.6,1,2.2,0.1
"89","Global",2020-04-19,2405607,80504,168538,4570,88,88,7.6e+09,31.7,1.1,2.2,0.1
"90","Global",2020-04-20,2478960,73353,173978,5440,89,89,7.6e+09,32.6,1,2.3,0.1
"91","Global",2020-04-21,2554241,75281,181135,7157,90,90,7.6e+09,33.6,1,2.4,0.1
"92","Global",2020-04-22,2631027,78974,187893,6758,91,91,7.6e+09,34.6,1,2.5,0.1
"93","Global",2020-04-23,2720027,89000,194742,6849,92,92,7.6e+09,35.8,1.2,2.6,0.1
"94","Global",2020-04-24,2806972,96979,201417,6675,93,93,7.6e+09,36.9,1.3,2.7,0.1
"95","Global",2020-04-25,2891910,84938,206994,5577,94,94,7.6e+09,38.1,1.1,2.7,0.1
"96","Global",2020-04-26,2964853,72944,210877,3883,95,95,7.6e+09,39,1,2.8,0.1
"97","Global",2020-04-27,3033572,68719,215526,4649,96,96,7.6e+09,39.9,0.9,2.8,0.1
"98","Global",2020-04-28,3108878,75411,221990,6464,97,97,7.6e+09,40.9,1,2.9,0.1
"99","Global",2020-04-29,3185925,79559,228758,6768,98,98,7.6e+09,41.9,1,3,0.1
"100","Global",2020-04-30,3269608,83683,234720,5962,99,99,7.6e+09,43,1.1,3.1,0.1
"101","Global",2020-05-01,3356663,87055,239897,5183,100,100,7.6e+09,44.2,1.1,3.2,0.1
"102","Global",2020-05-02,3438339,81843,245222,5325,101,101,7.6e+09,45.2,1.1,3.2,0.1
"103","Global",2020-05-03,3515957,77618,248675,3453,102,102,7.6e+09,46.3,1,3.3,0
"104","Global",2020-05-04,3592058,76102,252799,4124,103,103,7.6e+09,47.3,1,3.3,0.1
"105","Global",2020-05-05,3672050,79992,258674,5875,104,104,7.6e+09,48.3,1.1,3.4,0.1
"106","Global",2020-05-06,3762073,90023,265343,6669,105,105,7.6e+09,49.5,1.2,3.5,0.1
"107","Global",2020-05-07,3851158,90668,270751,5408,106,106,7.6e+09,50.7,1.2,3.6,0.1
"108","Global",2020-05-08,3942676,92998,276320,5569,107,107,7.6e+09,51.9,1.2,3.6,0.1
"109","Global",2020-05-09,4028522,85846,280585,4265,108,108,7.6e+09,53,1.1,3.7,0.1
"110","Global",2020-05-10,4104768,76255,284151,3566,109,109,7.6e+09,54,1,3.7,0
"111","Global",2020-05-11,4181009,76298,287624,3473,110,110,7.6e+09,55,1,3.8,0
"112","Global",2020-05-12,4264584,83595,293170,5552,111,111,7.6e+09,56.1,1.1,3.9,0.1
"113","Global",2020-05-13,4349360,84941,298399,5229,112,112,7.6e+09,57.2,1.1,3.9,0.1
"114","Global",2020-05-14,4446448,97089,303667,5268,113,113,7.6e+09,58.5,1.3,4,0.1
"115","Global",2020-05-15,4542815,96367,308882,5215,114,114,7.6e+09,59.8,1.3,4.1,0.1
"116","Global",2020-05-16,4638237,95422,313053,4171,115,115,7.6e+09,61,1.3,4.1,0.1
"117","Global",2020-05-17,4716758,78521,316382,3329,116,116,7.6e+09,62.1,1,4.2,0
"118","Global",2020-05-18,4805049,88291,319673,3292,117,117,7.6e+09,63.2,1.2,4.2,0
"119","Global",2020-05-19,4901442,96602,324457,5001,118,118,7.6e+09,64.5,1.3,4.3,0.1
"120","Global",2020-05-20,5004471,103029,329342,4885,119,119,7.6e+09,65.8,1.4,4.3,0.1
"121","Global",2020-05-21,5110805,106438,334128,4786,120,120,7.6e+09,67.2,1.4,4.4,0.1
"122","Global",2020-05-22,5217705,106900,339412,5284,121,121,7.6e+09,68.7,1.4,4.5,0.1
"123","Global",2020-05-23,5322994,105289,343401,3989,122,122,7.6e+09,70,1.4,4.5,0.1
"124","Global",2020-05-24,5418320,95326,346541,3140,123,123,7.6e+09,71.3,1.3,4.6,0
"125","Global",2020-05-25,5505283,87335,347719,3098,124,124,7.6e+09,72.4,1.1,4.6,0
"126","Global",2020-05-26,5597805,92742,351922,4203,125,125,7.6e+09,73.7,1.2,4.6,0.1
"127","Global",2020-05-27,5700405,102600,357135,5213,126,126,7.6e+09,75,1.4,4.7,0.1
"128","Global",2020-05-28,5819719,119314,361836,4701,127,127,7.6e+09,76.6,1.6,4.8,0.1
"129","Global",2020-05-29,5940890,121171,366578,4742,128,128,7.6e+09,78.2,1.6,4.8,0.1
"130","Global",2020-05-30,6078719,137829,370734,4156,129,129,7.6e+09,80,1.8,4.9,0.1
"131","Global",2020-05-31,6186277,107558,373622,2888,130,130,7.6e+09,81.4,1.4,4.9,0
"132","Global",2020-06-01,6281486,95209,376690,3073,131,131,7.6e+09,82.7,1.3,5,0
"133","Global",2020-06-02,6402323,121603,381513,4823,132,132,7.6e+09,84.2,1.6,5,0.1
"134","Global",2020-06-03,6521646,119324,387085,5572,133,133,7.6e+09,85.8,1.6,5.1,0.1
"135","Global",2020-06-04,6648602,126956,392234,5149,134,134,7.6e+09,87.5,1.7,5.2,0.1
"136","Global",2020-06-05,6779470,130868,397010,4776,135,135,7.6e+09,89.2,1.7,5.2,0.1
"137","Global",2020-06-06,6915423,135953,400891,3882,136,136,7.6e+09,91,1.8,5.3,0.1
"138","Global",2020-06-07,7027718,112295,403633,2742,137,137,7.6e+09,92.5,1.5,5.3,0
"139","Global",2020-06-08,7129862,102144,407330,3697,138,138,7.6e+09,93.8,1.3,5.4,0
"140","Global",2020-06-09,7254233,124371,412252,4922,139,139,7.6e+09,95.5,1.6,5.4,0.1
"141","Global",2020-06-10,7388229,133996,417457,5205,140,140,7.6e+09,97.2,1.8,5.5,0.1
"142","Global",2020-06-11,7526344,138115,422231,4776,141,141,7.6e+09,99,1.8,5.6,0.1
"143","Global",2020-06-12,7655466,129122,426528,4297,142,142,7.6e+09,100.7,1.7,5.6,0.1
"144","Global",2020-06-13,7791423,135957,430765,4238,143,143,7.6e+09,102.5,1.8,5.7,0.1
"145","Global",2020-06-14,7924897,133474,434140,3375,144,144,7.6e+09,104.3,1.8,5.7,0
"146","Global",2020-06-15,8044535,119638,437565,3425,145,145,7.6e+09,105.8,1.6,5.8,0
"147","Global",2020-06-16,8186067,141532,444432,6867,146,146,7.6e+09,107.7,1.9,5.8,0.1
"148","Global",2020-06-17,8328061,141994,449688,5256,147,147,7.6e+09,109.6,1.9,5.9,0.1
"149","Global",2020-06-18,8468066,140005,454717,5029,148,148,7.6e+09,111.4,1.8,6,0.1
"150","Global",2020-06-19,8648955,181037,460990,6273,149,149,7.6e+09,113.8,2.4,6.1,0.1
"151","Global",2020-06-20,8806589,157634,465239,4249,150,150,7.6e+09,115.9,2.1,6.1,0.1
"152","Global",2020-06-21,8935203,128614,469203,3964,151,151,7.6e+09,117.6,1.7,6.2,0.1
"153","Global",2020-06-22,9072474,137271,472771,3568,152,152,7.6e+09,119.4,1.8,6.2,0
"154","Global",2020-06-23,9237859,165385,478083,5312,153,153,7.6e+09,121.6,2.2,6.3,0.1
"155","Global",2020-06-24,9409094,171235,483345,5294,154,154,7.6e+09,123.8,2.3,6.4,0.1
"156","Global",2020-06-25,9587076,177982,489974,6629,155,155,7.6e+09,126.1,2.3,6.4,0.1
"157","Global",2020-06-26,9778491,191415,494803,4829,156,156,7.6e+09,128.7,2.5,6.5,0.1
"158","Global",2020-06-27,9956663,178172,499291,4488,157,157,7.6e+09,131,2.3,6.6,0.1
"159","Global",2020-06-28,10118389,162445,502384,3094,158,158,7.6e+09,133.1,2.1,6.6,0
"160","Global",2020-06-29,10276540,158151,506094,3710,159,159,7.6e+09,135.2,2.1,6.7,0
"161","Global",2020-06-30,10450359,173819,511224,5130,160,160,7.6e+09,137.5,2.3,6.7,0.1
"162","Global",2020-07-01,10668014,217655,516234,5010,161,161,7.6e+09,140.4,2.9,6.8,0.1
"163","Global",2020-07-02,10875759,207745,521356,5122,162,162,7.6e+09,143.1,2.7,6.9,0.1
"164","Global",2020-07-03,11079326,203568,526352,4996,163,163,7.6e+09,145.8,2.7,6.9,0.1
"165","Global",2020-07-04,11273007,193681,530724,4374,164,164,7.6e+09,148.3,2.5,7,0.1
"166","Global",2020-07-05,11455588,182581,534166,3445,165,165,7.6e+09,150.7,2.4,7,0
"167","Global",2020-07-06,11622931,167343,537963,3798,166,166,7.6e+09,152.9,2.2,7.1,0
"168","Global",2020-07-07,11833775,210844,544070,6107,167,167,7.6e+09,155.7,2.8,7.2,0.1
"169","Global",2020-07-08,12045577,211802,549389,5323,168,168,7.6e+09,158.5,2.8,7.2,0.1
"170","Global",2020-07-09,12273804,228227,554847,5458,169,169,7.6e+09,161.5,3,7.3,0.1
"171","Global",2020-07-10,12506381,232577,560158,5312,170,170,7.6e+09,164.6,3.1,7.4,0.1
"172","Global",2020-07-11,12722506,216125,565051,4893,171,171,7.6e+09,167.4,2.8,7.4,0.1
"173","Global",2020-07-12,12915161,192655,569008,3957,172,172,7.6e+09,169.9,2.5,7.5,0.1
"174","Global",2020-07-13,13107969,192808,572818,3810,173,173,7.6e+09,172.5,2.5,7.5,0.1
"175","Global",2020-07-14,13329608,221639,578484,5668,174,174,7.6e+09,175.4,2.9,7.6,0.1
"176","Global",2020-07-15,13560727,231124,583977,5494,175,175,7.6e+09,178.4,3,7.7,0.1
"177","Global",2020-07-16,13813400,252676,589782,5805,176,176,7.6e+09,181.8,3.3,7.8,0.1
"178","Global",2020-07-17,14055307,241907,596519,6737,177,177,7.6e+09,184.9,3.2,7.8,0.1
"179","Global",2020-07-18,14292942,237635,602146,5629,178,178,7.6e+09,188.1,3.1,7.9,0.1
"180","Global",2020-07-19,14507589,214647,606175,4029,179,179,7.6e+09,190.9,2.8,8,0.1
"181","Global",2020-07-20,14714367,206778,610335,4160,180,180,7.6e+09,193.6,2.7,8,0.1
"182","Global",2020-07-21,14947990,233733,616578,6256,181,181,7.6e+09,196.7,3.1,8.1,0.1
"183","Global",2020-07-22,15228469,280479,623556,6979,182,182,7.6e+09,200.4,3.7,8.2,0.1
"184","Global",2020-07-23,15511225,282756,633522,9966,183,183,7.6e+09,204.1,3.7,8.3,0.1
"185","Global",2020-07-24,15792390,281165,639666,6144,184,184,7.6e+09,207.8,3.7,8.4,0.1
"186","Global",2020-07-25,16047935,255545,644533,4867,185,185,7.6e+09,211.2,3.4,8.5,0.1
"187","Global",2020-07-26,16253034,205099,648664,4131,186,186,7.6e+09,213.9,2.7,8.5,0.1
"188","Global",2020-07-27,16487669,234639,654055,5409,187,187,7.6e+09,216.9,3.1,8.6,0.1
"189","Global",2020-07-28,16740006,252337,660390,6335,188,188,7.6e+09,220.3,3.3,8.7,0.1
"190","Global",2020-07-29,17029155,289149,667011,6621,189,189,7.6e+09,224.1,3.8,8.8,0.1
